Clustering: processed_Twitter_Trump_Clinton_2016-10-16.csv
Clusters: label, X, Y, Size

8  ,  0.0662199076212  ,  -0.806071307159  ,  2123
11  ,  0.068456724032  ,  -0.392975052243  ,  1697
4  ,  0.102337723016  ,  0.0693415574174  ,  1448
3  ,  -0.0104119551282  ,  0.451923557692  ,  911
12  ,  0.408347825568  ,  -0.530458434886  ,  864
2  ,  0.00714926829268  ,  0.721358829268  ,  625
7  ,  -0.279485235849  ,  -0.110073537736  ,  448
9  ,  -0.353975846154  ,  -0.651266505495  ,  401
10  ,  -0.2741809375  ,  -0.27067809375  ,  341
0  ,  0.364104820296  ,  0.712465877378  ,  313
1  ,  0.497848762887  ,  0.327791030928  ,  309
5  ,  -0.360237417417  ,  0.229525915916  ,  289
6  ,  0.181395  ,  0.92158125  ,  231

Clustered File: clustered_processed_Twitter_Trump_Clinton_2016-10-16.csv 

Clustering: processed_Twitter_Trump_Clinton_2016-10-17.csv
Clusters: label, X, Y, Size

0  ,  0.00786990380762  ,  -0.799434901804  ,  2151
1  ,  0.146088607796  ,  -0.418863062848  ,  1562
6  ,  0.0457058371635  ,  -0.132911569271  ,  1388
12  ,  0.060969420765  ,  0.226755453552  ,  915
2  ,  0.417539359129  ,  -0.665106469166  ,  803
8  ,  0.0156669240838  ,  0.746592683246  ,  761
13  ,  0.473682982107  ,  0.130532524851  ,  552
11  ,  0.250066725522  ,  0.70892223114  ,  518
7  ,  -0.382119947917  ,  -0.506196614583  ,  439
3  ,  -0.22864147541  ,  -0.306285245902  ,  282
9  ,  -0.272900459184  ,  0.320330765306  ,  254
4  ,  -0.428785373134  ,  -0.0313246268657  ,  249
10  ,  -0.536437297297  ,  0.710128918919  ,  76
5  ,  -0.75627125  ,  -0.48335625  ,  50

Clustered File: clustered_processed_Twitter_Trump_Clinton_2016-10-17.csv 

Clustering: processed_Twitter_Trump_Clinton_2016-10-18.csv
Clusters: label, X, Y, Size

0  ,  0.0470060629921  ,  -0.813586730211  ,  2240
1  ,  0.0683446224066  ,  -0.44395259751  ,  1448
8  ,  0.0902333725691  ,  -0.00697883828045  ,  1360
12  ,  -0.0384339285714  ,  0.597507271825  ,  864
2  ,  0.36037425  ,  -0.78420303125  ,  600
3  ,  0.420579182058  ,  -0.415876860158  ,  497
11  ,  0.429617715134  ,  -0.0789804154303  ,  446
14  ,  0.179312847682  ,  0.862529900662  ,  431
13  ,  0.394780575916  ,  0.584060235602  ,  428
10  ,  -0.185058356941  ,  0.0586216147309  ,  411
6  ,  -0.192905040323  ,  -0.264505685484  ,  376
4  ,  -0.298894735577  ,  -0.530129086538  ,  335
5  ,  -0.388410942408  ,  -0.795796544503  ,  266
7  ,  -0.574733910256  ,  -0.213567051282  ,  172
9  ,  -0.473685625  ,  0.50592375  ,  126

Clustered File: clustered_processed_Twitter_Trump_Clinton_2016-10-18.csv 

Clustering: processed_Twitter_Trump_Clinton_2016-10-19.csv
Clusters: label, X, Y, Size

3  ,  0.11413027512  ,  -0.85624062799  ,  1644
1  ,  0.0566929337539  ,  -0.564693949527  ,  1376
11  ,  0.11590482726  ,  -0.0842486086133  ,  1322
5  ,  0.0185176866764  ,  0.300806734993  ,  966
7  ,  0.0186175660377  ,  0.696690198113  ,  929
2  ,  0.0110354084507  ,  -0.328050591549  ,  912
0  ,  0.431314311475  ,  -0.463005967213  ,  770
4  ,  -0.312969791667  ,  -0.721443148148  ,  420
9  ,  0.409349530201  ,  0.336869060403  ,  414
10  ,  -0.424722438356  ,  -0.260319671233  ,  385
12  ,  -0.226517966805  ,  0.115852697095  ,  312
8  ,  -0.32746982699  ,  0.635807647059  ,  287
6  ,  0.411536094276  ,  0.744362087542  ,  263

Clustered File: clustered_processed_Twitter_Trump_Clinton_2016-10-19.csv 

Clustering: processed_Twitter_Trump_Clinton_2016-10-20.csv
Clusters: label, X, Y, Size

9  ,  0.0499720615385  ,  -0.795038567033  ,  2155
12  ,  0.0565848027211  ,  -0.427184353741  ,  1577
1  ,  0.0158033032258  ,  -0.0506806967742  ,  1281
6  ,  -0.000662788815305  ,  0.707036497425  ,  1106
5  ,  0.0713169005102  ,  0.249523035714  ,  894
11  ,  0.371902035398  ,  -0.754536371681  ,  547
10  ,  0.442501600791  ,  -0.35992041502  ,  523
7  ,  0.425317038724  ,  0.619419020501  ,  453
4  ,  -0.469043549488  ,  -0.25957887372  ,  398
13  ,  -0.354987402597  ,  -0.681726493506  ,  322
8  ,  0.447438195876  ,  0.136476752577  ,  319
0  ,  -0.315148990385  ,  0.257962788462  ,  256
3  ,  -0.361177  ,  0.8114995  ,  119
2  ,  -0.753481034483  ,  0.564737586207  ,  50

Clustered File: clustered_processed_Twitter_Trump_Clinton_2016-10-20.csv 

Clustering: processed_Twitter_Trump_Clinton_2016-10-21.csv
Clusters: label, X, Y, Size

8  ,  0.0474336281709  ,  -0.762714175567  ,  2537
9  ,  0.0546730015798  ,  -0.390703096367  ,  1642
3  ,  0.130153213429  ,  0.0142395323741  ,  847
12  ,  -0.108782056738  ,  -0.201675248227  ,  809
10  ,  0.397393358974  ,  -0.602639589744  ,  787
5  ,  0.0940755625657  ,  0.726886803365  ,  781
6  ,  0.0180552994555  ,  0.245754954628  ,  576
11  ,  -0.312904931129  ,  -0.6278284573  ,  532
2  ,  0.601115612245  ,  -0.133377380952  ,  365
0  ,  0.394135023474  ,  0.3213642723  ,  259
4  ,  -0.344622454212  ,  0.458412747253  ,  247
1  ,  0.567149921875  ,  0.61755171875  ,  245
7  ,  -0.23226988764  ,  0.174159550562  ,  197
13  ,  -0.680929626866  ,  -0.290803283582  ,  176

Clustered File: clustered_processed_Twitter_Trump_Clinton_2016-10-21.csv 

Clustering: processed_Twitter_Trump_Clinton_2016-10-22.csv
Clusters: label, X, Y, Size

11  ,  0.0733669945021  ,  -0.848982480147  ,  1569
13  ,  0.0534363010204  ,  -0.569476539116  ,  1248
2  ,  -0.0543435534591  ,  -0.0574907358491  ,  1152
10  ,  -0.0374398813056  ,  -0.343769910979  ,  925
3  ,  0.0230897716346  ,  0.273315132212  ,  904
8  ,  0.384541787843  ,  -0.718735899881  ,  731
9  ,  0.419983773987  ,  -0.303734307036  ,  549
0  ,  0.414984748603  ,  0.111240558659  ,  544
12  ,  -0.247549108527  ,  -0.75453244186  ,  508
4  ,  -0.00422231378764  ,  0.574845293185  ,  446
6  ,  0.275468860972  ,  0.742182445561  ,  391
14  ,  -0.435914285714  ,  -0.364445411255  ,  349
1  ,  0.1725  ,  0.646210285714  ,  234
7  ,  -0.222076842105  ,  0.836554502924  ,  229
5  ,  -0.386983846154  ,  0.500592923077  ,  221

Clustered File: clustered_processed_Twitter_Trump_Clinton_2016-10-22.csv 

Clustering: processed_Twitter_Trump_Clinton_2016-10-23.csv
Clusters: label, X, Y, Size

3  ,  0.133266972681  ,  -0.700141273825  ,  2615
2  ,  0.0719356776181  ,  -0.312438737166  ,  1430
1  ,  -0.0580798486547  ,  -0.0576045235426  ,  1419
8  ,  0.039382342437  ,  0.371006155462  ,  1195
6  ,  0.0295138047138  ,  0.725830852974  ,  774
0  ,  0.407731065292  ,  -0.0436660996564  ,  593
4  ,  -0.32736557971  ,  -0.522012608696  ,  451
5  ,  -0.258260951327  ,  -0.813254225664  ,  446
9  ,  0.416139602649  ,  0.796467251656  ,  288
7  ,  0.46676202381  ,  0.336988333333  ,  287
12  ,  -0.456438592593  ,  0.0477865185185  ,  208
10  ,  -0.274638385417  ,  0.406284114583  ,  184
11  ,  -0.360836481481  ,  0.765537037037  ,  83
13  ,  -0.796558333333  ,  0.106975  ,  27

Clustered File: clustered_processed_Twitter_Trump_Clinton_2016-10-23.csv 

Clustering: processed_Twitter_Trump_Clinton_2016-10-24.csv
Clusters: label, X, Y, Size

1  ,  0.179686883002  ,  -0.38902018543  ,  2030
4  ,  0.156386412991  ,  -0.776420218129  ,  1874
7  ,  -0.0851968760064  ,  -0.00954150295223  ,  1172
10  ,  0.0511234090909  ,  0.481166747159  ,  744
6  ,  -0.0862543161634  ,  -0.876902984014  ,  688
9  ,  0.14656393053  ,  0.214396617916  ,  663
12  ,  0.154778112875  ,  0.82200633157  ,  542
8  ,  0.458205274262  ,  0.0776851898734  ,  459
3  ,  -0.234325433333  ,  -0.6431706  ,  425
2  ,  -0.280565149701  ,  -0.369002994012  ,  399
0  ,  -0.150896  ,  0.07289  ,  327
14  ,  0.443696504425  ,  0.511035  ,  258
11  ,  -0.28640492  ,  0.66224524  ,  228
13  ,  -0.46474826087  ,  0.444623043478  ,  106
5  ,  -0.587519622642  ,  -0.721442075472  ,  85

Clustered File: clustered_processed_Twitter_Trump_Clinton_2016-10-24.csv 

Clustering: processed_Twitter_Trump_Clinton_2016-10-25.csv
Clusters: label, X, Y, Size

1  ,  0.107134345871  ,  -0.79662207686  ,  2187
0  ,  0.0587908053221  ,  -0.427936029412  ,  1781
12  ,  0.163714252472  ,  -0.00317985456661  ,  931
5  ,  -0.0488113463626  ,  0.676513322476  ,  786
8  ,  -0.109610118577  ,  -0.168082819499  ,  684
2  ,  0.42747998452  ,  -0.514782631579  ,  606
7  ,  0.178231281071  ,  0.377955984704  ,  575
3  ,  -0.220860718232  ,  -0.782147771639  ,  541
9  ,  -0.133224261745  ,  0.16794590604  ,  530
14  ,  0.472740243902  ,  -0.210366707317  ,  378
13  ,  0.465945581395  ,  0.212049302326  ,  272
6  ,  0.422118326531  ,  0.724502612245  ,  243
4  ,  -0.379659175258  ,  -0.504536185567  ,  219
11  ,  -0.492190325203  ,  -0.236991219512  ,  199
10  ,  -0.622256666667  ,  0.175509333333  ,  68

Clustered File: clustered_processed_Twitter_Trump_Clinton_2016-10-25.csv 

Clustering: processed_Twitter_Trump_Clinton_2016-10-26.csv
Clusters: label, X, Y, Size

12  ,  0.00391224719101  ,  -0.849634308745  ,  1899
15  ,  0.0903371936186  ,  -0.137280344453  ,  1745
9  ,  0.0138553721683  ,  -0.562027079288  ,  1572
0  ,  0.0379316197183  ,  0.314051873239  ,  937
11  ,  0.39958062212  ,  -0.485626105991  ,  729
3  ,  0.00968352209945  ,  0.75435058011  ,  691
10  ,  0.344672147541  ,  -0.794541  ,  581
2  ,  0.43757376506  ,  0.270962891566  ,  444
1  ,  0.384706176471  ,  0.816557401961  ,  381
13  ,  -0.296034405145  ,  -0.336238488746  ,  363
6  ,  -0.292379385475  ,  0.197648826816  ,  245
8  ,  -0.420791978022  ,  -0.13413  ,  189
5  ,  -0.434057313433  ,  0.582362089552  ,  113
7  ,  -0.775687083333  ,  -0.372478958333  ,  44
14  ,  -0.810923333333  ,  -0.328362857143  ,  44
4  ,  -0.765777083333  ,  0.0821604166667  ,  23

Clustered File: clustered_processed_Twitter_Trump_Clinton_2016-10-26.csv 

Clustering: processed_Twitter_Trump_Clinton_2016-10-27.csv
Clusters: label, X, Y, Size

0  ,  0.0545997079557  ,  -0.862878121853  ,  1988
2  ,  -0.111000927673  ,  -0.303680597484  ,  1804
1  ,  0.0468837962436  ,  -0.573921217985  ,  1736
7  ,  0.109194479167  ,  0.0277911284722  ,  1254
3  ,  0.415388472687  ,  -0.403238049052  ,  921
6  ,  -0.02561508  ,  0.75146416  ,  772
4  ,  -0.141028768116  ,  0.251495700483  ,  762
5  ,  0.288256672504  ,  0.408897355517  ,  565
8  ,  0.435998609272  ,  0.77272986755  ,  198

Clustered File: clustered_processed_Twitter_Trump_Clinton_2016-10-27.csv 

Clustering: processed_Twitter_Trump_Clinton_2016-10-28.csv
Clusters: label, X, Y, Size

1  ,  0.0468854041013  ,  -0.798490888621  ,  2002
0  ,  0.0764556388416  ,  -0.47316488075  ,  1477
11  ,  -0.0634336906377  ,  0.149136567164  ,  853
7  ,  -0.0275769367589  ,  -0.194732259552  ,  823
9  ,  0.108764684994  ,  0.322765234822  ,  794
10  ,  0.0235663707572  ,  0.743763994778  ,  732
4  ,  0.394547401869  ,  -0.76295164486  ,  611
3  ,  0.433629351145  ,  -0.385435419847  ,  516
13  ,  0.376687686375  ,  0.0651381233933  ,  512
5  ,  -0.266381777778  ,  -0.631935666667  ,  464
2  ,  -0.0969435483871  ,  -0.198560967742  ,  443
12  ,  0.422181708075  ,  0.537664254658  ,  328
8  ,  -0.433979902913  ,  0.014464368932  ,  263
6  ,  -0.568364583333  ,  -0.369934761905  ,  182

Clustered File: clustered_processed_Twitter_Trump_Clinton_2016-10-28.csv 

Clustering: processed_Twitter_Trump_Clinton_2016-10-29.csv
Clusters: label, X, Y, Size

4  ,  0.0675922564103  ,  -0.870406487179  ,  1581
6  ,  0.0227111030554  ,  -0.097092511652  ,  1505
1  ,  0.00891604244694  ,  -0.435838339576  ,  1486
0  ,  0.221824576646  ,  -0.624396386276  ,  1378
9  ,  -0.0161060900141  ,  0.246308045007  ,  711
10  ,  0.342683890845  ,  0.153256883803  ,  641
2  ,  0.281601859706  ,  -0.3062845677  ,  577
8  ,  0.207281144201  ,  0.551570219436  ,  569
11  ,  0.0129815467626  ,  0.807510557554  ,  544
3  ,  -0.328654941176  ,  -0.714944882353  ,  364
7  ,  -0.44565788162  ,  -0.287774610592  ,  342
5  ,  -0.385871233766  ,  0.236070194805  ,  302

Clustered File: clustered_processed_Twitter_Trump_Clinton_2016-10-29.csv 

Clustering: processed_Twitter_Trump_Clinton_2016-10-30.csv
Clusters: label, X, Y, Size

3  ,  0.12871686444  ,  -0.774515803536  ,  1966
11  ,  -0.0266939551699  ,  0.0134389154013  ,  1450
4  ,  -0.0217103756708  ,  -0.514704830054  ,  1198
0  ,  0.0775602709848  ,  -0.283032518176  ,  1155
6  ,  0.0362286096257  ,  0.76071  ,  783
7  ,  0.0587119329073  ,  0.327465447284  ,  770
2  ,  0.440877383592  ,  -0.476385609756  ,  633
1  ,  0.441667520259  ,  -0.0868814424635  ,  591
12  ,  -0.31683894382  ,  -0.229789955056  ,  421
5  ,  -0.276611572165  ,  -0.748115257732  ,  412
8  ,  0.482250686813  ,  0.464236181319  ,  361
9  ,  -0.422499695122  ,  0.168385182927  ,  194
10  ,  -0.601157  ,  0.557068  ,  66

Clustered File: clustered_processed_Twitter_Trump_Clinton_2016-10-30.csv 

Clustering: processed_Twitter_Trump_Clinton_2016-10-31.csv
Clusters: label, X, Y, Size

8  ,  0.130661706656  ,  -0.808807410991  ,  2472
7  ,  0.144933877791  ,  -0.470174565217  ,  1920
0  ,  -0.0754547345348  ,  -0.129036341939  ,  1585
1  ,  0.0203058695652  ,  0.183935884058  ,  970
4  ,  0.0439723336548  ,  0.626490289296  ,  882
2  ,  0.41561022293  ,  -0.0229243949045  ,  645
10  ,  -0.40138726257  ,  -0.456397765363  ,  416
9  ,  -0.28148262181  ,  -0.755738538283  ,  378
5  ,  -0.343528888889  ,  0.630794343434  ,  256
6  ,  0.421202889344  ,  0.613959118852  ,  239
3  ,  0.425773  ,  0.65895  ,  237

Clustered File: clustered_processed_Twitter_Trump_Clinton_2016-10-31.csv 

Clustering: processed_Twitter_Trump_Clinton_2016-11-01.csv
Clusters: label, X, Y, Size

1  ,  0.110371210699  ,  -0.829951628344  ,  1968
0  ,  0.0680111343076  ,  -0.485788851775  ,  1463
8  ,  0.0377505128205  ,  -0.197538727106  ,  1133
6  ,  0.0533922555066  ,  0.117786079295  ,  1038
2  ,  0.449521976226  ,  -0.51215872214  ,  720
14  ,  -0.0582888157895  ,  0.48764997076  ,  659
11  ,  0.0241580967742  ,  0.819342548387  ,  614
9  ,  0.45994192  ,  -0.05431588  ,  508
7  ,  -0.234159252078  ,  0.00127747922438  ,  379
12  ,  0.391786473029  ,  0.430838755187  ,  327
4  ,  -0.180155949721  ,  -0.545423659218  ,  303
5  ,  -0.367048686441  ,  -0.809557076271  ,  280
13  ,  0.435877056452  ,  0.780712096774  ,  256
3  ,  -0.490114358974  ,  -0.290998290598  ,  222
10  ,  -0.457896  ,  0.2031572  ,  130

Clustered File: clustered_processed_Twitter_Trump_Clinton_2016-11-01.csv 

Clustering: processed_Twitter_Trump_Clinton_2016-11-02.csv
Clusters: label, X, Y, Size

5  ,  0.0336141613042  ,  -0.813144483054  ,  1886
7  ,  0.0954864292498  ,  -0.500417046534  ,  1424
9  ,  0.00503745948772  ,  -0.230701270256  ,  1393
2  ,  -0.0170460095012  ,  0.125233824228  ,  996
6  ,  0.404764214186  ,  -0.725066175243  ,  709
1  ,  0.0795532885906  ,  0.448387946309  ,  703
3  ,  -0.0258439310345  ,  0.785326706897  ,  570
0  ,  0.373189692308  ,  0.0319847350427  ,  528
10  ,  -0.323773617747  ,  -0.615035119454  ,  522
8  ,  0.501185889571  ,  -0.340787331288  ,  468
4  ,  0.462851527273  ,  0.635029781818  ,  305
12  ,  -0.343401506024  ,  0.0160842168675  ,  294
11  ,  -0.547630348837  ,  -0.32380744186  ,  202

Clustered File: clustered_processed_Twitter_Trump_Clinton_2016-11-02.csv 

Clustering: processed_Twitter_Trump_Clinton_2016-11-03.csv
Clusters: label, X, Y, Size

8  ,  0.0733969995007  ,  -0.836505262107  ,  1872
10  ,  0.0557873156342  ,  -0.518985353982  ,  1613
5  ,  -0.0435444375963  ,  -0.167908823832  ,  1368
4  ,  0.0335545738295  ,  0.142932869148  ,  964
12  ,  0.416102889151  ,  -0.668218632075  ,  844
6  ,  0.433059244265  ,  -0.11253511471  ,  753
0  ,  0.0170030640669  ,  0.659228718663  ,  634
2  ,  0.183640481696  ,  0.366465934489  ,  621
9  ,  -0.27234985258  ,  -0.77242997543  ,  388
7  ,  -0.501919166667  ,  -0.16285969697  ,  300
3  ,  -0.327365628415  ,  0.50271715847  ,  232
1  ,  0.424293990148  ,  0.739095812808  ,  228
11  ,  -0.535786363636  ,  -0.509984181818  ,  183

Clustered File: clustered_processed_Twitter_Trump_Clinton_2016-11-03.csv 

Clustering: processed_Twitter_Trump_Clinton_2016-11-04.csv
Clusters: label, X, Y, Size

12  ,  0.0745442288557  ,  -0.85860979602  ,  1764
11  ,  0.015701349539  ,  -0.578489790444  ,  1173
10  ,  0.0190239269406  ,  -0.365067808219  ,  1017
2  ,  -0.123870828767  ,  -0.101736356164  ,  909
1  ,  -0.00598456946039  ,  0.18767880597  ,  859
13  ,  0.375271443452  ,  -0.62365327381  ,  676
4  ,  0.168363992248  ,  -0.16672251938  ,  655
6  ,  0.142960227273  ,  0.790968948864  ,  517
8  ,  0.0828889601386  ,  0.46577034662  ,  506
5  ,  0.464100375276  ,  -0.297214724062  ,  486
14  ,  -0.391223106796  ,  -0.629591682848  ,  469
3  ,  0.44864374026  ,  0.152890597403  ,  392
7  ,  -0.29294951049  ,  0.506676853147  ,  292
0  ,  0.38088  ,  0.64671  ,  225
9  ,  -0.513843125  ,  0.798931875  ,  60

Clustered File: clustered_processed_Twitter_Trump_Clinton_2016-11-04.csv 

Clustering: processed_Twitter_Trump_Clinton_2016-11-05.csv
Clusters: label, X, Y, Size

4  ,  0.11903321204  ,  -0.337244375562  ,  1576
11  ,  0.0847126206897  ,  0.0806267011494  ,  1519
0  ,  0.0882289154569  ,  -0.65243206661  ,  1497
1  ,  -0.000756422619048  ,  -0.876466630952  ,  1486
2  ,  0.434967810651  ,  -0.541997100592  ,  633
7  ,  0.0932934179357  ,  0.565056277496  ,  559
3  ,  0.378869149378  ,  -0.817907593361  ,  477
8  ,  0.468092338129  ,  0.268710935252  ,  464
6  ,  -0.359362345361  ,  -0.242624613402  ,  443
5  ,  -0.319342157534  ,  -0.552827123288  ,  422
10  ,  -0.0475357352941  ,  0.821693492647  ,  312
12  ,  -0.360505542169  ,  0.136447188755  ,  226
9  ,  0.39993556213  ,  0.768262781065  ,  196
13  ,  -0.290546048387  ,  0.468394677419  ,  190

Clustered File: clustered_processed_Twitter_Trump_Clinton_2016-11-05.csv 

Clustering: processed_Twitter_Trump_Clinton_2016-11-06.csv
Clusters: label, X, Y, Size

1  ,  0.113479761092  ,  -0.853424485617  ,  1951
0  ,  0.196879421081  ,  -0.565702255598  ,  1883
10  ,  0.0384875946418  ,  -0.225532533489  ,  1503
11  ,  0.0651995081967  ,  0.0656928087432  ,  1118
12  ,  0.112887337192  ,  0.374779334298  ,  681
9  ,  0.458110947547  ,  -0.174320676819  ,  589
14  ,  0.0378513980583  ,  0.77420223301  ,  499
3  ,  -0.222025820312  ,  -0.744419550781  ,  438
13  ,  -0.256428435374  ,  0.483034931973  ,  278
8  ,  -0.294474637681  ,  -0.459364637681  ,  269
4  ,  -0.368607571429  ,  -0.181203464286  ,  254
15  ,  0.46270665272  ,  0.679276861925  ,  252
6  ,  -0.471521826923  ,  0.145694230769  ,  140
5  ,  -0.746951282051  ,  -0.418993717949  ,  70
7  ,  -0.619465714286  ,  -0.782370857143  ,  63
2  ,  -0.730131111111  ,  -0.616923333333  ,  12

Clustered File: clustered_processed_Twitter_Trump_Clinton_2016-11-06.csv 

Clustering: processed_Twitter_Trump_Clinton_2016-11-07.csv
Clusters: label, X, Y, Size

3  ,  0.0552477195282  ,  -0.584336965924  ,  1957
15  ,  0.03662  ,  -0.126193614292  ,  1655
1  ,  0.108463987521  ,  -0.869829982984  ,  1566
2  ,  0.396793235294  ,  -0.610781494118  ,  866
8  ,  0.0279462984496  ,  0.385339709302  ,  749
16  ,  0.436998135314  ,  -0.150789851485  ,  536
14  ,  -0.217629929078  ,  0.0830869267139  ,  399
7  ,  0.140933148615  ,  0.621928211587  ,  363
10  ,  0.130599630769  ,  0.873703938462  ,  326
0  ,  -0.12688712  ,  -0.84360404  ,  321
11  ,  0.458383943089  ,  0.445886341463  ,  297
4  ,  -0.278979773371  ,  -0.645577507082  ,  270
6  ,  -0.501914688995  ,  -0.33759784689  ,  212
9  ,  -0.251658113208  ,  0.757868679245  ,  123
12  ,  -0.45384271028  ,  0.432906261682  ,  117
13  ,  -0.581738764045  ,  -0.038486741573  ,  102
5  ,  -0.5418348  ,  -0.8533654  ,  85
17  ,  -0.84615  ,  -0.375  ,  56

Clustered File: clustered_processed_Twitter_Trump_Clinton_2016-11-07.csv 

Clustering: processed_Twitter_Trump_Clinton_2016-11-08.csv
Clusters: label, X, Y, Size

0  ,  0.118450489418  ,  -0.825850076058  ,  2824
1  ,  0.0488489162562  ,  -0.452674082512  ,  1864
5  ,  0.138818181818  ,  0.0177199731038  ,  1537
9  ,  0.0748587426326  ,  0.620852888016  ,  909
2  ,  0.419497493333  ,  -0.517019773333  ,  874
7  ,  -0.218944214286  ,  -0.156560857143  ,  514
4  ,  -0.252604105263  ,  -0.820909326316  ,  484
3  ,  -0.401805982906  ,  -0.43245982906  ,  283
6  ,  -0.29638092511  ,  0.246117136564  ,  260
10  ,  0.44423787037  ,  0.565884074074  ,  256
11  ,  -0.238792035398  ,  0.612700530973  ,  122
8  ,  -0.33035  ,  0.71278  ,  63
12  ,  -0.675  ,  0.790553333333  ,  10

Clustered File: clustered_processed_Twitter_Trump_Clinton_2016-11-08.csv 

Clustering: processed_Twitter_Trump_Clinton_2016-11-09.csv
Clusters: label, X, Y, Size

0  ,  0.135998135228  ,  -0.8672641559  ,  2224
1  ,  0.0671743794212  ,  -0.54461088746  ,  1599
8  ,  0.0169346405694  ,  -0.198002725979  ,  1102
10  ,  0.0592217045455  ,  0.0219243181818  ,  888
2  ,  0.427517448609  ,  -0.471433325272  ,  852
12  ,  -0.022392770936  ,  0.326087339901  ,  665
11  ,  0.0454727721088  ,  0.746908163265  ,  555
14  ,  0.396628819444  ,  -0.00500166666667  ,  512
13  ,  0.443939667674  ,  0.435259969789  ,  331
5  ,  -0.383701708075  ,  -0.0805724534161  ,  305
4  ,  -0.201059047619  ,  -0.69674047619  ,  261
7  ,  -0.422493639456  ,  -0.460177108844  ,  261
3  ,  -0.288052374429  ,  -0.880468310502  ,  209
6  ,  -0.556139054054  ,  0.224058513514  ,  171
9  ,  -0.726050285714  ,  -0.766804285714  ,  65

Clustered File: clustered_processed_Twitter_Trump_Clinton_2016-11-09.csv 

Clustering: processed_Twitter_Trump_Clinton_2016-11-10.csv
Clusters: label, X, Y, Size

1  ,  0.0712815549937  ,  -0.84516562579  ,  2009
2  ,  0.0630199092284  ,  -0.515051951589  ,  1594
12  ,  -0.00297518072289  ,  -0.144659836995  ,  1245
11  ,  0.0159400673725  ,  0.134307372474  ,  1158
7  ,  0.0508059911894  ,  0.588397422907  ,  769
3  ,  0.405053777452  ,  -0.68579510981  ,  662
0  ,  0.360484700315  ,  -0.410211766562  ,  548
14  ,  0.388558441971  ,  -0.0476686645469  ,  540
5  ,  -0.35198472028  ,  -0.713392482517  ,  356
4  ,  -0.316162580645  ,  -0.288683002481  ,  321
8  ,  0.3890936  ,  0.6080848  ,  309
6  ,  -0.635994536082  ,  -0.0978526804124  ,  155
10  ,  -0.483990208333  ,  0.405607916667  ,  150
9  ,  -0.266900434783  ,  0.664118695652  ,  135
13  ,  -0.458475  ,  0.82488  ,  49

Clustered File: clustered_processed_Twitter_Trump_Clinton_2016-11-10.csv 

Clustering: processed_Twitter_Trump_Clinton_2016-11-11.csv
Clusters: label, X, Y, Size

11  ,  0.0540505962441  ,  -0.86247342723  ,  2014
13  ,  0.0618811833105  ,  -0.556325232558  ,  1393
2  ,  -0.0618287360775  ,  -0.00846339951574  ,  1261
10  ,  0.0989005421687  ,  -0.291917349398  ,  1068
14  ,  0.419023054945  ,  -0.608571846154  ,  883
3  ,  0.00296878962536  ,  0.244490806916  ,  696
12  ,  -0.35221772043  ,  -0.484807548387  ,  584
1  ,  0.403651706539  ,  0.0064433492823  ,  563
8  ,  0.155897028986  ,  0.71087115942  ,  471
0  ,  0.163573049327  ,  0.604712286996  ,  326
6  ,  -0.231903083333  ,  0.41876575  ,  241
4  ,  0.35676640625  ,  0.29502609375  ,  230
5  ,  -0.226662910798  ,  0.685687511737  ,  166
7  ,  -0.808543333333  ,  0.181253333333  ,  66
9  ,  -0.628584705882  ,  0.585938823529  ,  38

Clustered File: clustered_processed_Twitter_Trump_Clinton_2016-11-11.csv 

Clustering: processed_Twitter_Trump_Clinton_2016-11-12.csv
Clusters: label, X, Y, Size

8  ,  0.0295067965189  ,  -0.857141587236  ,  2089
7  ,  0.0610155110063  ,  -0.527000330189  ,  1594
0  ,  0.0512497844828  ,  -0.0634513362069  ,  1419
9  ,  0.418479469496  ,  -0.636648169761  ,  769
4  ,  -0.00806653846154  ,  0.410945250836  ,  695
3  ,  0.201144198675  ,  0.688431006623  ,  646
10  ,  -0.136919664723  ,  -0.202755276968  ,  622
2  ,  0.425817259259  ,  -0.168258944444  ,  553
1  ,  0.227518316151  ,  0.197975223368  ,  501
11  ,  -0.354690107527  ,  -0.513207275986  ,  450
12  ,  -0.46606202454  ,  -0.0537188957055  ,  329
5  ,  -0.20657787234  ,  0.811614397163  ,  168
6  ,  -0.36608247191  ,  0.461451910112  ,  165

Clustered File: clustered_processed_Twitter_Trump_Clinton_2016-11-12.csv 

Clustering: processed_Twitter_Trump_Clinton_2016-11-13.csv
Clusters: label, X, Y, Size

6  ,  -0.0156299358426  ,  -0.827963242087  ,  2328
0  ,  -0.0864225753158  ,  -0.0571141448008  ,  2044
5  ,  -0.0239440816327  ,  -0.423444357419  ,  1829
4  ,  0.406092664446  ,  -0.522449467111  ,  1091
1  ,  0.031223125  ,  0.363952041667  ,  964
2  ,  0.0716286770428  ,  0.771335577173  ,  801
3  ,  0.387068220721  ,  0.0323139864865  ,  512
7  ,  0.346195277108  ,  -0.858185325301  ,  431

Clustered File: clustered_processed_Twitter_Trump_Clinton_2016-11-13.csv 

Clustering: processed_Twitter_Trump_Clinton_2016-11-14.csv
Clusters: label, X, Y, Size

0  ,  0.0762690187891  ,  -0.859884431106  ,  1761
2  ,  0.0641052912223  ,  -0.544828917145  ,  1561
6  ,  0.137406446886  ,  -0.151062401884  ,  1274
1  ,  0.413266459246  ,  -0.607575074496  ,  1209
7  ,  -0.0191008739076  ,  0.0865069787765  ,  1020
5  ,  -0.281825681818  ,  -0.189636123737  ,  795
10  ,  0.231619127273  ,  0.399692090909  ,  612
9  ,  0.0292425740319  ,  0.721959544419  ,  481
3  ,  -0.280536896552  ,  -0.667569549072  ,  390
8  ,  -0.128651815068  ,  0.373127534247  ,  356
12  ,  0.289893110368  ,  0.828650334448  ,  247
4  ,  -0.456755167785  ,  -0.905639194631  ,  172
11  ,  -0.289515526316  ,  0.74458377193  ,  122

Clustered File: clustered_processed_Twitter_Trump_Clinton_2016-11-14.csv 

